Ascension droite = 90.1798799 (6h 0m 43.17s)
Declinaison = 23.4371486 (23d 26m 13.74s)
Azimut = 92.6053481
Hauteur = 34.3847089
