Ascension droite = 90.1798802 (6h 0m 43.17s)
Declinaison = 23.4371486 (23d 26m 13.74s)
Azimuth = 92.6054250
Hauteur = 34.3847752
